 &plot nbnd=  22, nks=   101 /
            0.000000  0.000000  1.000000
  -27.579  -24.195  -23.306  -22.094  -22.086  -22.086   -7.349   -6.876   -6.876    6.209
    8.732   10.619   10.899   10.957   10.957   11.123   11.123   11.212   11.930   14.779
   15.014   15.014
            0.000000  0.000000  0.950000
  -27.572  -25.092  -23.307  -23.120  -23.120  -22.323   -7.345   -6.875   -6.875    6.209
    8.741   10.611   10.903   10.942   10.942   11.080   11.080   11.175   11.915   14.769
   14.950   14.950
            0.000000  0.000000  0.900000
  -27.959  -27.017  -26.070  -26.070  -23.615  -23.309   -7.333   -6.870   -6.870    6.206
    8.767   10.547   10.855   10.890   10.890   11.020   11.020   11.042   11.840   14.737
   14.779   14.779
            0.000000  0.000000  0.850000
  -27.437  -25.816  -23.312  -22.810  -22.618  -22.618   -7.314   -6.863   -6.863    6.201
    8.809   10.525   10.938   10.938   10.938   11.121   11.121   11.159   11.797   14.564
   14.564   14.692
            0.000000  0.000000  0.800000
  -27.352  -25.169  -24.692  -23.775  -23.775  -23.316   -7.287   -6.853   -6.853    6.190
    8.862   10.467   10.898   10.898   10.970   10.995   11.171   11.171   11.731   14.300
   14.300   14.625
            0.000000  0.000000  0.750000
  -27.317  -25.313  -24.523  -23.322  -22.693  -22.693   -7.254   -6.840   -6.840    6.171
    8.921   10.418   10.910   10.910   10.984   11.074   11.178   11.178   11.680   14.027
   14.027   14.551
            0.000000  0.000000  0.700000
  -26.471  -25.782  -24.934  -24.300  -24.300  -23.329   -7.214   -6.826   -6.826    6.140
    8.983   10.406   10.920   10.920   11.013   11.019   11.079   11.079   11.683   13.741
   13.741   14.458
            0.000000  0.000000  0.650000
  -25.735  -24.943  -23.622  -23.622  -23.336  -21.533   -7.169   -6.809   -6.809    6.093
    9.046   10.472   10.919   10.919   11.018   11.043   11.129   11.129   11.771   13.471
   13.471   14.356
            0.000000  0.000000  0.600000
  -27.239  -27.239  -27.223  -25.547  -23.344  -21.924   -7.119   -6.791   -6.791    6.026
    9.097   10.462   10.878   10.890   10.890   10.950   11.042   11.042   11.808   13.199
   13.199   14.248
            0.000000  0.000000  0.550000
  -27.470  -27.470  -27.194  -25.568  -24.782  -23.352   -7.066   -6.772   -6.772    5.939
    9.147   10.434   10.884   10.884   10.897   10.956   11.013   11.013   11.790   12.943
   12.943   14.135
            0.000000  0.000000  0.500000
  -24.869  -24.446  -24.446  -23.968  -23.361  -22.052   -7.010   -6.752   -6.752    5.836
    9.218   10.548   10.948   10.948   11.057   11.074   11.074   11.083   11.939   12.715
   12.715   14.040
            0.000000  0.000000  0.450000
  -26.756  -26.209  -26.209  -24.891  -23.369  -22.309   -6.953   -6.732   -6.732    5.714
    9.287   10.573   10.904   10.904   11.000   11.000   11.051   11.067   12.048   12.489
   12.489   13.927
            0.000000  0.000000  0.400000
  -26.711  -26.268  -26.268  -24.864  -23.377  -22.333   -6.897   -6.713   -6.713    5.583
    9.372   10.628   10.908   10.908   10.983   10.983   11.062   11.094   12.223   12.281
   12.281   13.818
            0.000000  0.000000  0.350000
  -29.199  -26.623  -26.623  -24.833  -23.385  -22.343   -6.842   -6.694   -6.694    5.447
    9.470   10.587   10.895   10.895   10.967   10.967   11.078   11.123   12.090   12.090
   12.379   13.716
            0.000000  0.000000  0.300000
  -27.784  -27.026  -26.583  -26.583  -24.873  -23.393   -6.790   -6.677   -6.677    5.314
    9.582   10.749   10.842   10.842   10.886   10.886   11.097   11.160   11.901   11.901
   12.591   13.617
            0.000000  0.000000  0.250000
  -27.770  -26.958  -26.600  -26.600  -24.857  -23.399   -6.743   -6.661   -6.661    5.190
    9.700   10.776   10.840   10.840   10.910   10.910   11.119   11.204   11.746   11.746
   12.791   13.534
            0.000000  0.000000  0.200000
  -27.737  -26.875  -26.600  -26.600  -24.827  -23.405   -6.702   -6.648   -6.648    5.081
    9.819   10.803   10.840   10.840   10.946   10.946   11.144   11.249   11.608   11.608
   12.975   13.464
            0.000000  0.000000  0.150000
  -29.443  -25.964  -25.964  -25.830  -25.103  -23.409   -6.668   -6.638   -6.638    4.991
    9.905   10.821   10.821   10.855   11.012   11.012   11.146   11.249   11.487   11.487
   13.126   13.407
            0.000000  0.000000  0.100000
  -30.332  -27.577  -27.563  -27.563  -25.257  -23.412   -6.644   -6.630   -6.630    4.924
    9.958   10.791   10.791   10.809   11.039   11.043   11.043   11.270   11.387   11.387
   13.243   13.365
            0.000000  0.000000  0.050000
  -30.548  -29.405  -29.405  -27.636  -27.188  -23.414   -6.629   -6.625   -6.625    4.883
    9.982   10.765   10.765   10.804   10.979   10.979   11.034   11.293   11.319   11.319
   13.311   13.341
            0.000000  0.000000  0.000000
  -35.590  -35.590  -35.590  -30.555  -30.555  -23.415   -6.624   -6.624   -6.624    4.866
    9.741   10.604   10.604   10.604   10.848   10.848   10.848   11.290   11.290   11.290
   13.329   13.329
            0.025000  0.025000  0.025000
  -30.961  -30.961  -30.511  -26.588  -26.588  -23.414   -6.628   -6.624   -6.624    4.879
    9.914   10.767   10.790   10.790   11.002   11.002   11.003   11.294   11.309   11.309
   13.330   13.330
            0.050000  0.050000  0.050000
  -29.245  -29.245  -26.921  -25.615  -25.615  -23.413   -6.644   -6.626   -6.626    4.910
    9.974   10.825   10.841   10.841   11.025   11.043   11.043   11.304   11.366   11.366
   13.315   13.315
            0.075000  0.075000  0.075000
  -28.049  -28.049  -26.979  -24.546  -24.546  -23.410   -6.668   -6.629   -6.629    4.960
    9.932   10.813   10.887   10.887   11.043   11.043   11.052   11.291   11.435   11.435
   13.292   13.292
            0.100000  0.100000  0.100000
  -26.749  -26.749  -26.693  -23.738  -23.738  -23.407   -6.701   -6.632   -6.632    5.027
    9.880   10.806   10.923   10.923   11.023   11.023   11.140   11.289   11.511   11.511
   13.267   13.267
            0.125000  0.125000  0.125000
  -28.183  -26.846  -26.846  -25.330  -25.330  -23.403   -6.742   -6.637   -6.637    5.108
    9.803   10.792   10.827   10.827   10.978   10.978   11.134   11.264   11.569   11.569
   13.241   13.241
            0.150000  0.150000  0.150000
  -28.221  -26.867  -26.867  -25.319  -25.319  -23.398   -6.790   -6.643   -6.643    5.200
    9.737   10.781   10.819   10.819   10.955   10.955   11.131   11.239   11.637   11.637
   13.226   13.226
            0.175000  0.175000  0.175000
  -28.266  -27.660  -27.660  -26.884  -26.884  -23.393   -6.843   -6.649   -6.649    5.298
    9.682   10.763   10.784   10.784   10.889   10.889   11.089   11.200   11.684   11.684
   13.226   13.226
            0.200000  0.200000  0.200000
  -30.431  -27.682  -27.682  -26.931  -26.931  -23.387   -6.899   -6.656   -6.656    5.397
    9.636   10.714   10.779   10.779   10.874   10.874   11.087   11.136   11.718   11.718
   13.257   13.257
            0.225000  0.225000  0.225000
  -29.698  -27.672  -27.672  -26.908  -26.908  -23.381   -6.957   -6.663   -6.663    5.493
    9.636   10.714   10.783   10.783   10.870   10.870   11.084   11.144   11.730   11.730
   13.322   13.322
            0.250000  0.250000  0.250000
  -29.716  -27.652  -27.652  -26.871  -26.871  -23.374   -7.016   -6.671   -6.671    5.583
    9.659   10.705   10.791   10.791   10.874   10.874   11.083   11.127   11.718   11.718
   13.421   13.421
            0.275000  0.275000  0.275000
  -29.324  -29.324  -28.416  -28.095  -28.095  -23.368   -7.074   -6.678   -6.678    5.661
    9.712   10.661   10.772   10.772   10.832   10.832   10.984   11.148   11.684   11.684
   13.547   13.547
            0.300000  0.300000  0.300000
  -28.829  -28.829  -26.331  -26.024  -26.024  -23.361   -7.130   -6.685   -6.685    5.728
    9.792   10.659   10.843   10.843   10.918   10.918   10.985   11.163   11.659   11.659
   13.700   13.700
            0.325000  0.325000  0.325000
  -28.824  -28.824  -26.341  -25.970  -25.970  -23.356   -7.183   -6.692   -6.692    5.780
    9.891   10.657   10.856   10.856   10.934   10.934   10.983   11.162   11.601   11.601
   13.866   13.866
            0.350000  0.350000  0.350000
  -29.877  -29.877  -25.789  -25.063  -25.063  -23.350   -7.231   -6.698   -6.698    5.820
   10.003   10.586   10.853   10.853   10.981   10.987   10.987   11.166   11.544   11.544
   14.038   14.038
            0.375000  0.375000  0.375000
  -28.068  -28.068  -24.015  -24.015  -23.345  -21.858   -7.273   -6.704   -6.704    5.849
   10.142   10.695   10.881   10.881   11.004   11.100   11.100   11.242   11.494   11.494
   14.208   14.208
            0.400000  0.400000  0.400000
  -26.889  -26.889  -23.341  -22.467  -22.467  -22.267   -7.309   -6.708   -6.708    5.868
   10.257   10.736   10.974   10.974   11.032   11.105   11.105   11.293   11.441   11.441
   14.360   14.360
            0.425000  0.425000  0.425000
  -28.131  -28.131  -24.330  -23.753  -23.753  -23.337   -7.337   -6.712   -6.712    5.879
   10.301   10.669   10.934   10.934   11.031   11.104   11.104   11.250   11.376   11.376
   14.490   14.490
            0.450000  0.450000  0.450000
  -28.135  -28.135  -24.332  -23.701  -23.701  -23.335   -7.358   -6.715   -6.715    5.887
   10.351   10.691   10.948   10.948   11.030   11.136   11.136   11.290   11.326   11.326
   14.594   14.594
            0.475000  0.475000  0.475000
  -28.351  -28.351  -27.961  -26.288  -26.288  -23.333   -7.371   -6.717   -6.717    5.890
   10.374   10.666   10.875   10.875   11.017   11.017   11.027   11.282   11.282   11.301
   14.649   14.649
            0.500000  0.500000  0.500000
  -27.404  -27.404  -25.044  -23.333  -22.778  -22.778   -7.375   -6.717   -6.717    5.892
   10.398   10.746   10.981   10.981   11.037   11.141   11.141   11.274   11.274   11.364
   14.679   14.679
            0.475000  0.500000  0.525000
  -28.058  -28.012  -25.322  -23.333  -22.795  -22.774   -7.374   -6.720   -6.718    5.897
   10.372   10.727   10.963   10.976   11.021   11.135   11.141   11.269   11.294   11.357
   14.675   14.692
            0.450000  0.500000  0.550000
  -29.506  -27.867  -26.039  -25.901  -24.007  -23.332   -7.371   -6.727   -6.720    5.911
   10.352   10.697   10.853   10.931   10.986   11.039   11.095   11.259   11.337   11.352
   14.663   14.724
            0.425000  0.500000  0.575000
  -27.548  -27.516  -25.210  -24.785  -23.612  -23.331   -7.365   -6.740   -6.723    5.935
   10.389   10.695   10.884   10.939   10.970   11.073   11.109   11.260   11.353   11.430
   14.648   14.790
            0.400000  0.500000  0.600000
  -27.790  -27.742  -25.170  -24.297  -23.685  -23.330   -7.358   -6.757   -6.727    5.966
   10.338   10.659   10.916   10.920   10.974   11.068   11.102   11.244   11.305   11.522
   14.625   14.878
            0.375000  0.500000  0.625000
  -28.597  -27.247  -23.896  -23.329  -23.322  -22.498   -7.348   -6.778   -6.732    6.004
   10.286   10.623   10.910   10.983   10.999   11.102   11.117   11.239   11.273   11.629
   14.600   14.987
            0.350000  0.500000  0.650000
  -28.368  -26.847  -23.941  -23.685  -23.327  -22.803   -7.337   -6.803   -6.739    6.047
   10.252   10.568   10.889   10.950   11.004   11.095   11.119   11.232   11.247   11.750
   14.564   15.108
            0.325000  0.500000  0.675000
  -28.611  -28.330  -26.596  -24.746  -23.710  -23.325   -7.324   -6.830   -6.747    6.094
   10.193   10.490   10.857   10.900   10.942   11.033   11.063   11.152   11.220   11.874
   14.518   15.238
            0.300000  0.500000  0.700000
  -28.083  -27.928  -25.676  -23.936  -23.323  -23.199   -7.309   -6.860   -6.756    6.142
   10.159   10.434   10.864   10.910   10.969   11.048   11.073   11.147   11.232   12.018
   14.472   15.379
            0.275000  0.500000  0.725000
  -28.020  -26.992  -25.135  -23.395  -23.321  -22.155   -7.293   -6.890   -6.766    6.191
   10.111   10.384   10.901   10.932   10.997   11.053   11.075   11.147   11.233   12.172
   14.432   15.529
            0.250000  0.500000  0.750000
  -28.973  -27.429  -26.411  -25.307  -23.929  -23.319   -7.276   -6.921   -6.777    6.236
   10.047   10.333   10.833   10.882   10.950   10.983   11.051   11.102   11.190   12.298
   14.387   15.673
            0.225000  0.500000  0.775000
  -27.487  -25.335  -24.494  -23.595  -23.318  -23.239   -7.258   -6.952   -6.789    6.280
    9.996   10.313   10.879   10.927   11.003   11.033   11.084   11.167   11.243   12.455
   14.358   15.822
            0.200000  0.500000  0.800000
  -25.720  -24.275  -23.789  -23.315  -23.074  -22.517   -7.240   -6.981   -6.802    6.319
    9.937   10.308   10.896   11.005   11.015   11.037   11.113   11.188   11.276   12.590
   14.349   15.970
            0.175000  0.500000  0.825000
  -26.038  -24.724  -23.977  -23.315  -23.294  -22.958   -7.222   -7.008   -6.815    6.353
    9.868   10.303   10.874   10.998   11.005   11.022   11.104   11.176   11.254   12.700
   14.365   16.102
            0.150000  0.500000  0.850000
  -26.365  -26.150  -24.310  -23.759  -23.556  -23.311   -7.205   -7.032   -6.829    6.381
    9.806   10.305   10.823   10.966   11.002   11.008   11.083   11.139   11.245   12.775
   14.422   16.215
            0.125000  0.500000  0.875000
  -27.491  -27.272  -24.479  -24.213  -23.828  -23.310   -7.189   -7.052   -6.843    6.404
    9.748   10.314   10.778   10.947   10.987   11.007   11.024   11.127   11.244   12.819
   14.518   16.299
            0.100000  0.500000  0.900000
  -26.847  -26.472  -23.933  -23.308  -22.517  -20.987   -7.177   -7.066   -6.857    6.423
    9.708   10.335   10.779   10.997   11.022   11.068   11.092   11.184   11.267   12.843
   14.646   16.351
            0.075000  0.500000  0.925000
  -27.454  -26.931  -25.064  -23.451  -23.307  -22.588   -7.168   -7.075   -6.869    6.437
    9.673   10.347   10.732   10.982   11.000   11.022   11.056   11.135   11.258   12.840
   14.775   16.365
            0.050000  0.500000  0.950000
  -28.032  -26.880  -25.842  -23.668  -23.307  -22.631   -7.164   -7.079   -6.878    6.446
    9.647   10.365   10.698   10.949   10.996   11.014   11.080   11.114   11.253   12.824
   14.904   16.363
            0.025000  0.500000  0.975000
  -28.209  -27.515  -26.249  -26.248  -23.632  -23.306   -7.163   -7.079   -6.885    6.452
    9.632   10.374   10.635   10.936   10.977   10.996   10.999   11.076   11.243   12.800
   14.988   16.359
            0.000000  0.500000  1.000000
  -28.213  -27.519  -26.253  -26.252  -23.636  -23.306   -7.162   -7.079   -6.887    6.453
    9.627   10.378   10.631   10.935   10.979   10.993   10.994   11.075   11.245   12.796
   15.022   16.356
            0.000000  0.525000  0.975000
  -28.209  -27.514  -26.262  -26.235  -23.632  -23.306   -7.166   -7.075   -6.886    6.451
    9.620   10.379   10.636   10.937   10.979   10.993   10.998   11.075   11.249   12.810
   15.005   16.348
            0.000000  0.550000  0.950000
  -27.425  -26.327  -24.401  -23.951  -23.306  -21.796   -7.175   -7.068   -6.882    6.444
    9.606   10.394   10.680   11.010   11.018   11.075   11.090   11.135   11.289   12.857
   14.961   16.340
            0.000000  0.575000  0.925000
  -27.186  -25.822  -24.090  -24.025  -23.306  -22.813   -7.185   -7.061   -6.875    6.433
    9.577   10.404   10.721   10.992   11.007   11.051   11.100   11.123   11.302   12.926
   14.885   16.326
            0.000000  0.600000  0.900000
  -26.796  -25.067  -23.422  -23.307  -23.110  -22.413   -7.195   -7.054   -6.866    6.419
    9.543   10.426   10.752   11.015   11.032   11.074   11.101   11.159   11.343   13.010
   14.801   16.307
            0.000000  0.625000  0.875000
  -25.591  -23.395  -23.307  -22.442  -22.067  -20.878   -7.205   -7.050   -6.856    6.404
    9.508   10.449   10.873   11.017   11.078   11.108   11.170   11.185   11.372   13.115
   14.707   16.255
            0.000000  0.650000  0.850000
  -25.859  -24.132  -23.307  -22.496  -22.448  -21.081   -7.213   -7.047   -6.846    6.389
    9.474   10.466   10.876   10.998   11.037   11.109   11.154   11.178   11.384   13.204
   14.616   16.148
            0.000000  0.675000  0.825000
  -26.332  -25.524  -24.771  -24.123  -23.308  -21.832   -7.220   -7.045   -6.837    6.375
    9.444   10.471   10.874   10.934   10.998   11.016   11.087   11.164   11.377   13.283
   14.533   16.028
            0.000000  0.700000  0.800000
  -27.737  -24.726  -24.576  -24.320  -23.308  -21.425   -7.225   -7.044   -6.830    6.364
    9.423   10.472   10.835   10.952   10.988   11.074   11.090   11.161   11.376   13.348
   14.484   15.929
            0.000000  0.725000  0.775000
  -27.390  -24.423  -24.080  -23.308  -23.193  -21.338   -7.228   -7.044   -6.825    6.357
    9.411   10.483   10.875   10.948   10.987   11.096   11.115   11.191   11.389   13.399
   14.449   15.863
            0.000000  0.750000  0.750000
  -26.692  -24.041  -23.309  -23.193  -22.518  -19.973   -7.229   -7.043   -6.824    6.355
    9.407   10.487   10.918   10.960   11.061   11.116   11.132   11.216   11.414   13.419
   14.437   15.841
            0.000000  0.725000  0.725000
  -26.765  -24.083  -23.670  -23.539  -23.309  -19.981   -7.208   -7.065   -6.814    6.362
    9.514   10.475   10.917   10.940   11.065   11.080   11.105   11.197   11.356   13.266
   14.323   15.727
            0.000000  0.700000  0.700000
  -26.755  -24.118  -23.647  -23.535  -23.310  -19.982   -7.188   -7.083   -6.804    6.363
    9.618   10.462   10.920   10.929   11.072   11.084   11.096   11.211   11.303   13.124
   14.203   15.647
            0.000000  0.675000  0.675000
  -28.844  -26.405  -26.245  -25.873  -25.145  -23.312   -7.173   -7.092   -6.793    6.357
    9.711   10.438   10.836   10.857   10.933   10.981   11.003   11.034   11.218   12.988
   14.076   15.578
            0.000000  0.650000  0.650000
  -28.742  -25.868  -25.537  -24.865  -24.367  -23.314   -7.168   -7.088   -6.782    6.347
    9.805   10.412   10.844   10.868   10.940   11.026   11.038   11.083   11.193   12.875
   13.952   15.565
            0.000000  0.625000  0.625000
  -28.601  -25.555  -24.897  -24.715  -24.057  -23.316   -7.172   -7.071   -6.771    6.330
    9.887   10.371   10.873   10.884   10.957   11.019   11.063   11.105   11.156   12.772
   13.819   15.578
            0.000000  0.600000  0.600000
  -28.587  -25.565  -24.923  -24.706  -24.049  -23.319   -7.178   -7.047   -6.760    6.308
    9.961   10.319   10.874   10.894   10.972   11.012   11.068   11.119   11.138   12.682
   13.683   15.602
            0.000000  0.575000  0.575000
  -28.644  -25.080  -24.740  -24.680  -23.322  -22.973   -7.182   -7.021   -6.749    6.279
   10.021   10.260   10.870   10.880   10.999   11.040   11.111   11.130   11.171   12.610
   13.553   15.606
            0.000000  0.550000  0.550000
  -28.780  -25.208  -25.114  -24.967  -23.723  -23.325   -7.183   -6.993   -6.739    6.246
   10.048   10.219   10.846   10.869   10.987   11.024   11.101   11.178   11.189   12.546
   13.418   15.586
            0.000000  0.525000  0.525000
  -28.839  -26.121  -25.736  -25.235  -25.134  -23.329   -7.179   -6.965   -6.728    6.207
   10.010   10.228   10.844   10.864   10.913   11.012   11.062   11.156   11.227   12.496
   13.277   15.527
            0.000000  0.500000  0.500000
  -28.685  -26.149  -25.610  -25.272  -23.799  -23.333   -7.171   -6.937   -6.718    6.162
    9.941   10.276   10.863   10.903   10.908   11.014   11.072   11.146   11.280   12.462
   13.140   15.415
            0.000000  0.475000  0.475000
  -29.383  -28.133  -26.370  -25.669  -23.338  -21.572   -7.159   -6.909   -6.708    6.112
    9.863   10.286   10.836   10.887   10.935   11.055   11.097   11.100   11.283   12.427
   13.004   15.262
            0.000000  0.450000  0.450000
  -29.365  -28.175  -26.385  -25.685  -23.343  -21.577   -7.142   -6.882   -6.699    6.057
    9.787   10.330   10.833   10.886   10.926   11.053   11.093   11.103   11.350   12.419
   12.872   15.072
            0.000000  0.425000  0.425000
  -29.852  -29.685  -28.785  -27.253  -23.348  -21.976   -7.120   -6.855   -6.690    5.996
    9.716   10.350   10.768   10.842   10.900   10.992   11.035   11.080   11.398   12.421
   12.736   14.861
            0.000000  0.400000  0.400000
  -30.040  -29.741  -29.110  -27.275  -24.642  -23.353   -7.095   -6.830   -6.682    5.929
    9.654   10.383   10.766   10.837   10.876   10.939   11.014   11.020   11.472   12.429
   12.619   14.644
            0.000000  0.375000  0.375000
  -30.073  -29.679  -29.131  -27.285  -23.914  -23.358   -7.065   -6.806   -6.674    5.857
    9.606   10.420   10.769   10.833   10.864   10.968   11.019   11.033   11.544   12.411
   12.544   14.435
            0.000000  0.350000  0.350000
  -29.114  -28.845  -27.968  -27.237  -23.830  -23.364   -7.032   -6.783   -6.667    5.780
    9.572   10.521   10.783   10.855   10.876   10.981   11.024   11.051   11.620   12.326
   12.553   14.231
            0.000000  0.325000  0.325000
  -29.300  -28.789  -26.906  -26.266  -24.127  -23.369   -6.996   -6.761   -6.660    5.698
    9.553   10.595   10.778   10.823   10.889   10.995   11.060   11.069   11.672   12.220
   12.588   14.046
            0.000000  0.300000  0.300000
  -29.706  -29.413  -28.825  -26.907  -25.345  -23.375   -6.959   -6.741   -6.654    5.611
    9.544   10.615   10.743   10.812   10.860   10.901   11.026   11.062   11.709   12.112
   12.641   13.875
            0.000000  0.275000  0.275000
  -28.116  -27.478  -27.183  -26.792  -24.540  -23.380   -6.919   -6.722   -6.649    5.524
    9.573   10.733   10.815   10.861   10.872   10.912   11.081   11.087   11.747   12.010
   12.707   13.729
            0.000000  0.250000  0.250000
  -27.196  -26.385  -25.955  -25.813  -24.080  -23.385   -6.879   -6.705   -6.644    5.435
    9.610   10.799   10.823   10.896   10.912   10.952   11.093   11.143   11.749   11.926
   12.779   13.614
            0.000000  0.225000  0.225000
  -27.771  -27.745  -26.571  -25.918  -24.596  -23.390   -6.839   -6.689   -6.640    5.346
    9.640   10.761   10.813   10.897   10.899   10.950   11.048   11.145   11.731   11.829
   12.851   13.518
            0.000000  0.200000  0.200000
  -27.771  -27.731  -26.572  -25.944  -24.586  -23.395   -6.800   -6.675   -6.636    5.259
    9.687   10.752   10.830   10.894   10.921   10.963   11.054   11.167   11.698   11.738
   12.930   13.449
            0.000000  0.175000  0.175000
  -27.763  -27.709  -26.564  -25.963  -24.569  -23.400   -6.763   -6.663   -6.633    5.177
    9.742   10.747   10.848   10.891   10.949   10.981   11.061   11.192   11.650   11.653
   13.009   13.402
            0.000000  0.150000  0.150000
  -27.324  -27.291  -25.774  -24.497  -24.423  -23.403   -6.729   -6.652   -6.630    5.102
    9.806   10.792   10.875   10.912   11.006   11.019   11.087   11.222   11.591   11.593
   13.086   13.373
            0.000000  0.125000  0.125000
  -27.842  -27.077  -25.549  -24.827  -23.862  -23.407   -6.699   -6.644   -6.628    5.034
    9.861   10.856   10.865   10.891   11.037   11.045   11.065   11.246   11.519   11.542
   13.156   13.354
            0.000000  0.100000  0.100000
  -27.811  -27.050  -25.528  -24.805  -23.880  -23.410   -6.673   -6.636   -6.626    4.977
    9.921   10.854   10.881   10.891   11.064   11.070   11.085   11.272   11.451   11.477
   13.219   13.345
            0.000000  0.075000  0.075000
  -28.996  -27.572  -25.833  -24.863  -24.799  -23.412   -6.651   -6.631   -6.625    4.931
    9.963   10.853   10.856   10.865   11.060   11.070   11.089   11.293   11.383   11.414
   13.269   13.340
            0.000000  0.050000  0.050000
  -29.074  -28.029  -27.628  -25.370  -24.907  -23.413   -6.636   -6.627   -6.624    4.897
    9.986   10.816   10.855   10.863   11.066   11.078   11.089   11.298   11.334   11.345
   13.307   13.337
            0.000000  0.025000  0.025000
  -32.588  -31.371  -29.531  -26.995  -26.590  -23.415   -6.627   -6.624   -6.624    4.875
    9.901   10.731   10.779   10.808   10.953   11.015   11.019   11.295   11.301   11.306
   13.327   13.335
            0.000000  0.000000  0.000000
  -35.590  -35.590  -35.590  -30.555  -30.555  -23.415   -6.624   -6.624   -6.624    4.866
    9.741   10.604   10.604   10.604   10.848   10.848   10.848   11.290   11.290   11.290
   13.329   13.329
