 &plot nbnd=  23, nks=   101 /
            0.000000  0.000000  1.000000
  -28.165  -26.796  -25.905  -22.450  -19.125  -19.125   -6.579   -6.049   -6.049    6.329
    6.849   11.370   11.702   11.702   11.895   12.039   12.039   12.102   12.649   15.630
   15.958   15.958   16.878
            0.000000  0.000000  0.950000
  -30.277  -27.098  -26.747  -22.476  -22.476  -22.450   -6.575   -6.047   -6.047    6.324
    6.865   11.349   11.652   11.652   11.782   11.978   11.978   11.980   12.623   15.618
   15.877   15.877   16.841
            0.000000  0.000000  0.900000
  -30.298  -26.994  -26.036  -22.453  -21.351  -21.351   -6.562   -6.042   -6.042    6.310
    6.913   11.338   11.659   11.659   11.776   11.988   11.988   12.060   12.588   15.590
   15.688   15.688   16.739
            0.000000  0.000000  0.850000
  -29.735  -26.061  -22.522  -22.457  -20.567  -20.567   -6.542   -6.034   -6.034    6.285
    6.994   11.329   11.727   11.727   11.791   12.006   12.006   12.144   12.556   15.429
   15.429   15.552   16.582
            0.000000  0.000000  0.800000
  -29.720  -22.773  -22.463  -21.950  -20.861  -20.861   -6.514   -6.023   -6.023    6.247
    7.105   11.351   11.716   11.716   11.800   12.017   12.017   12.112   12.603   15.144
   15.144   15.485   16.393
            0.000000  0.000000  0.750000
  -30.125  -24.163  -23.986  -23.967  -23.967  -22.468   -6.479   -6.009   -6.009    6.193
    7.241   11.250   11.682   11.682   11.753   11.928   11.928   11.986   12.495   14.842
   14.842   15.401   16.152
            0.000000  0.000000  0.700000
  -30.103  -24.192  -24.002  -24.002  -23.984  -22.476   -6.437   -5.992   -5.992    6.120
    7.404   11.178   11.674   11.674   11.767   11.914   11.914   11.992   12.464   14.545
   14.545   15.305   15.891
            0.000000  0.000000  0.650000
  -28.336  -24.762  -23.988  -22.485  -21.762  -21.762   -6.389   -5.974   -5.974    6.027
    7.592   11.129   11.684   11.684   11.929   11.940   11.940   12.024   12.454   14.261
   14.261   15.201   15.621
            0.000000  0.000000  0.600000
  -28.442  -26.454  -24.783  -23.817  -23.817  -22.494   -6.335   -5.953   -5.953    5.911
    7.796   11.073   11.636   11.636   11.869   11.930   11.932   11.932   12.424   13.985
   13.985   15.088   15.344
            0.000000  0.000000  0.550000
  -28.626  -26.882  -26.175  -26.079  -26.079  -22.504   -6.277   -5.932   -5.932    5.774
    8.016   11.064   11.617   11.617   11.816   11.824   11.824   11.908   12.457   13.723
   13.723   14.970   15.070
            0.000000  0.000000  0.500000
  -28.589  -26.913  -26.116  -26.100  -26.100  -22.514   -6.215   -5.910   -5.910    5.619
    8.246   11.089   11.614   11.614   11.819   11.819   11.829   11.928   12.523   13.479
   13.479   14.804   14.852
            0.000000  0.000000  0.450000
  -30.106  -29.760  -29.760  -29.223  -27.539  -22.524   -6.151   -5.888   -5.888    5.450
    8.475   11.062   11.589   11.589   11.714   11.714   11.768   11.772   12.470   13.249
   13.249   14.545   14.734
            0.000000  0.000000  0.400000
  -30.076  -29.705  -29.705  -27.556  -26.207  -22.533   -6.087   -5.866   -5.866    5.274
    8.714   11.184   11.586   11.586   11.724   11.724   11.785   11.804   12.636   13.040
   13.040   14.314   14.622
            0.000000  0.000000  0.350000
  -31.369  -31.369  -30.068  -28.928  -27.779  -22.543   -6.024   -5.845   -5.845    5.098
    8.944   11.237   11.571   11.571   11.629   11.629   11.758   11.831   12.712   12.844
   12.844   14.098   14.515
            0.000000  0.000000  0.300000
  -30.057  -30.057  -29.919  -27.722  -25.428  -22.551   -5.964   -5.826   -5.826    4.930
    9.173   11.369   11.582   11.582   11.730   11.730   11.790   11.887   12.686   12.686
   12.847   13.929   14.419
            0.000000  0.000000  0.250000
  -28.889  -28.889  -27.084  -26.483  -25.569  -22.559   -5.909   -5.809   -5.809    4.775
    9.399   11.459   11.640   11.640   11.757   11.757   11.878   11.959   12.544   12.544
   12.912   13.833   14.341
            0.000000  0.000000  0.200000
  -28.297  -28.297  -26.115  -24.387  -23.392  -22.565   -5.860   -5.794   -5.794    4.639
    9.605   11.554   11.661   11.661   11.847   11.847   11.918   12.004   12.427   12.427
   12.934   13.835   14.270
            0.000000  0.000000  0.150000
  -26.269  -26.269  -26.135  -23.505  -22.570  -21.807   -5.820   -5.782   -5.782    4.528
    9.802   11.651   11.676   11.676   11.900   11.900   12.005   12.054   12.316   12.316
   12.923   13.919   14.214
            0.000000  0.000000  0.100000
  -23.242  -22.574  -21.585  -21.585  -21.332  -19.799   -5.791   -5.773   -5.773    4.446
    9.985   11.778   11.778   11.809   11.985   11.985   12.079   12.164   12.260   12.260
   12.955   14.027   14.177
            0.000000  0.000000  0.050000
  -22.576  -21.251  -21.250  -19.464  -19.464  -19.464   -5.772   -5.768   -5.768    4.396
   10.093   11.830   11.830   11.830   12.048   12.048   12.074   12.187   12.227   12.227
   12.945   14.109   14.149
            0.000000  0.000000  0.000000
  -22.577  -21.258  -21.258  -19.471  -19.471  -19.471   -5.766   -5.766   -5.766    4.379
   10.126   11.828   11.828   11.828   12.071   12.071   12.071   12.188   12.188   12.188
   12.927   14.139   14.139
            0.025000  0.025000  0.025000
  -22.576  -21.252  -21.252  -19.466  -19.466  -19.465   -5.772   -5.767   -5.767    4.392
   10.101   11.829   11.830   11.830   12.052   12.052   12.077   12.188   12.217   12.217
   12.941   14.132   14.132
            0.050000  0.050000  0.050000
  -22.575  -22.320  -22.137  -22.137  -19.643  -19.643   -5.790   -5.769   -5.769    4.430
   10.018   11.797   11.800   11.800   12.000   12.000   12.092   12.189   12.234   12.234
   12.948   14.108   14.108
            0.075000  0.075000  0.075000
  -26.311  -23.889  -23.889  -22.572  -20.868  -20.868   -5.820   -5.772   -5.772    4.492
    9.880   11.710   11.753   11.753   11.920   11.920   12.090   12.158   12.254   12.254
   12.945   14.072   14.072
            0.100000  0.100000  0.100000
  -27.298  -26.533  -26.533  -22.659  -22.659  -22.568   -5.859   -5.776   -5.776    4.577
    9.744   11.648   11.648   11.668   11.841   11.841   12.043   12.076   12.301   12.301
   13.025   14.031   14.031
            0.125000  0.125000  0.125000
  -28.055  -28.055  -27.351  -23.542  -23.542  -22.563   -5.908   -5.781   -5.781    4.682
    9.588   11.616   11.616   11.622   11.784   11.784   12.026   12.030   12.364   12.364
   13.116   13.990   13.990
            0.150000  0.150000  0.150000
  -28.040  -28.040  -27.355  -23.533  -23.533  -22.557   -5.964   -5.787   -5.787    4.806
    9.442   11.583   11.623   11.623   11.757   11.757   12.000   12.030   12.431   12.431
   13.242   13.966   13.966
            0.175000  0.175000  0.175000
  -28.013  -28.013  -26.554  -23.514  -23.514  -22.551   -6.026   -5.794   -5.794    4.944
    9.296   11.550   11.634   11.634   11.740   11.740   12.005   12.031   12.480   12.480
   13.365   13.967   13.967
            0.200000  0.200000  0.200000
  -30.164  -30.164  -27.507  -26.815  -26.815  -22.544   -6.092   -5.802   -5.802    5.094
    9.138   11.436   11.517   11.517   11.677   11.677   11.886   11.988   12.478   12.478
   13.442   13.996   13.996
            0.225000  0.225000  0.225000
  -28.105  -28.105  -26.285  -26.285  -25.438  -22.537   -6.161   -5.810   -5.810    5.251
    8.998   11.392   11.589   11.589   11.742   11.742   11.889   11.990   12.505   12.505
   13.549   14.071   14.071
            0.250000  0.250000  0.250000
  -28.155  -28.155  -27.699  -26.285  -26.285  -22.529   -6.229   -5.818   -5.818    5.412
    8.856   11.334   11.600   11.600   11.726   11.726   11.890   11.900   12.473   12.473
   13.640   14.178   14.178
            0.275000  0.275000  0.275000
  -27.924  -27.924  -27.210  -26.766  -26.766  -22.522   -6.297   -5.826   -5.826    5.572
    8.729   11.299   11.588   11.588   11.758   11.758   11.850   11.860   12.429   12.429
   13.731   14.310   14.310
            0.300000  0.300000  0.300000
  -25.873  -25.873  -24.450  -24.152  -24.152  -22.514   -6.362   -5.833   -5.833    5.728
    8.615   11.301   11.680   11.680   11.864   11.864   11.892   11.953   12.404   12.404
   13.837   14.478   14.478
            0.325000  0.325000  0.325000
  -25.878  -25.878  -24.463  -24.153  -24.153  -22.507   -6.423   -5.841   -5.841    5.876
    8.507   11.286   11.693   11.693   11.854   11.854   11.891   11.935   12.333   12.333
   13.923   14.654   14.654
            0.350000  0.350000  0.350000
  -25.871  -25.871  -24.464  -24.141  -24.141  -22.501   -6.478   -5.847   -5.847    6.012
    8.410   11.283   11.711   11.711   11.850   11.850   11.890   11.924   12.263   12.263
   14.009   14.835   14.835
            0.375000  0.375000  0.375000
  -26.077  -26.077  -25.061  -25.061  -24.489  -22.495   -6.527   -5.853   -5.853    6.134
    8.324   11.281   11.697   11.697   11.848   11.848   11.890   11.912   12.179   12.179
   14.085   15.013   15.013
            0.400000  0.400000  0.400000
  -25.171  -25.171  -23.785  -22.490  -21.344  -21.344   -6.568   -5.858   -5.858    6.238
    8.251   11.310   11.778   11.778   11.902   11.932   11.939   11.939   12.189   12.189
   14.180   15.181   15.181
            0.425000  0.425000  0.425000
  -26.572  -26.572  -22.487  -22.108  -22.108  -21.865   -6.601   -5.863   -5.863    6.321
    8.191   11.322   11.770   11.770   11.798   11.913   11.913   11.992   12.142   12.142
   14.249   15.322   15.322
            0.450000  0.450000  0.450000
  -26.693  -26.693  -22.483  -22.091  -22.091  -21.538   -6.625   -5.866   -5.866    6.383
    8.147   11.365   11.772   11.772   11.783   11.915   11.915   12.001   12.104   12.104
   14.324   15.434   15.434
            0.475000  0.475000  0.475000
  -26.520  -26.520  -22.481  -20.466  -20.466  -20.002   -6.639   -5.867   -5.867    6.420
    8.119   11.374   11.784   11.801   11.801   11.920   11.920   11.988   12.184   12.184
   14.364   15.502   15.502
            0.500000  0.500000  0.500000
  -26.526  -26.526  -22.481  -20.472  -20.472  -20.007   -6.644   -5.868   -5.868    6.433
    8.110   11.377   11.784   11.810   11.810   11.908   11.908   11.984   12.175   12.175
   14.379   15.527   15.527
            0.475000  0.500000  0.525000
  -26.522  -26.521  -22.481  -20.468  -20.468  -20.003   -6.643   -5.871   -5.869    6.438
    8.101   11.364   11.743   11.819   11.849   11.911   11.921   11.985   12.175   12.177
   14.391   15.524   15.544
            0.450000  0.500000  0.550000
  -28.820  -26.242  -22.480  -21.053  -20.586  -20.463   -6.639   -5.880   -5.871    6.453
    8.075   11.248   11.717   11.817   11.894   11.912   11.973   11.987   12.135   12.161
   14.373   15.513   15.591
            0.425000  0.500000  0.575000
  -27.249  -26.126  -22.479  -21.167  -19.861  -19.522   -6.632   -5.894   -5.874    6.478
    8.036   11.211   11.701   11.875   11.909   11.964   12.009   12.071   12.120   12.173
   14.442   15.502   15.671
            0.400000  0.500000  0.600000
  -26.856  -25.746  -22.745  -22.477  -21.496  -20.459   -6.623   -5.914   -5.879    6.511
    7.982   11.162   11.695   11.870   11.916   11.960   11.992   12.021   12.114   12.174
   14.525   15.479   15.773
            0.375000  0.500000  0.625000
  -27.011  -24.595  -22.476  -21.769  -20.666  -19.975   -6.611   -5.938   -5.885    6.552
    7.916   11.110   11.704   11.875   11.937   11.986   12.040   12.067   12.132   12.283
   14.627   15.450   15.902
            0.350000  0.500000  0.650000
  -25.687  -24.507  -22.474  -21.612  -19.529  -19.449   -6.597   -5.965   -5.893    6.598
    7.841   11.066   11.709   11.896   11.945   12.021   12.083   12.114   12.141   12.413
   14.750   15.415   16.050
            0.325000  0.500000  0.675000
  -25.926  -24.725  -22.472  -22.071  -21.759  -19.702   -6.581   -5.997   -5.902    6.647
    7.760   11.024   11.692   11.848   11.922   12.006   12.051   12.077   12.132   12.534
   14.888   15.372   16.209
            0.300000  0.500000  0.700000
  -27.028  -24.344  -22.866  -22.603  -22.469  -20.725   -6.563   -6.030   -5.912    6.697
    7.674   10.981   11.697   11.789   11.931   11.968   11.982   12.082   12.103   12.669
   15.038   15.323   16.377
            0.275000  0.500000  0.725000
  -28.190  -24.293  -23.031  -22.755  -22.467  -20.996   -6.543   -6.064   -5.924    6.747
    7.587   10.953   11.688   11.773   11.913   11.933   11.956   12.089   12.102   12.805
   15.200   15.276   16.553
            0.250000  0.500000  0.750000
  -28.120  -23.389  -23.004  -22.773  -22.465  -20.351   -6.522   -6.099   -5.937    6.795
    7.503   10.946   11.680   11.776   11.901   11.934   12.017   12.093   12.104   12.949
   15.235   15.377   16.733
            0.225000  0.500000  0.775000
  -28.480  -23.833  -23.368  -23.052  -22.462  -20.563   -6.500   -6.134   -5.952    6.839
    7.421   10.944   11.646   11.750   11.886   11.933   12.012   12.080   12.104   13.088
   15.206   15.554   16.905
            0.200000  0.500000  0.800000
  -28.156  -24.489  -23.202  -23.201  -22.460  -21.820   -6.477   -6.167   -5.967    6.877
    7.345   10.947   11.636   11.756   11.871   11.933   11.997   12.048   12.087   13.213
   15.197   15.731   17.065
            0.175000  0.500000  0.825000
  -27.330  -24.185  -23.317  -22.458  -22.169  -20.494   -6.454   -6.197   -5.983    6.909
    7.278   10.970   11.605   11.875   11.898   11.934   12.005   12.058   12.100   13.321
   15.224   15.904   17.205
            0.150000  0.500000  0.850000
  -26.864  -24.227  -22.880  -22.457  -22.353  -21.196   -6.432   -6.224   -6.000    6.933
    7.221   11.003   11.598   11.877   11.910   11.943   11.968   12.067   12.085   13.390
   15.289   16.077   17.300
            0.125000  0.500000  0.875000
  -27.025  -24.234  -23.145  -22.454  -21.952  -21.191   -6.412   -6.246   -6.018    6.946
    7.176   11.033   11.562   11.870   11.906   11.967   11.991   12.064   12.085   13.435
   15.395   16.245   17.330
            0.100000  0.500000  0.900000
  -25.374  -23.328  -22.452  -22.315  -20.296  -19.566   -6.395   -6.262   -6.034    6.949
    7.146   11.073   11.578   11.920   11.980   11.998   12.031   12.109   12.134   13.478
   15.538   16.401   17.327
            0.075000  0.500000  0.925000
  -26.231  -23.333  -22.451  -22.371  -21.021  -19.589   -6.383   -6.272   -6.050    6.943
    7.128   11.107   11.539   11.895   11.975   11.989   12.013   12.109   12.129   13.481
   15.687   16.539   17.308
            0.050000  0.500000  0.950000
  -24.777  -22.450  -21.760  -20.309  -20.109  -18.851   -6.377   -6.275   -6.063    6.934
    7.121   11.149   11.557   11.979   11.997   12.034   12.064   12.140   12.176   13.500
   15.832   16.656   17.290
            0.025000  0.500000  0.975000
  -25.494  -22.449  -21.993  -21.784  -20.553  -17.631   -6.374   -6.275   -6.071    6.926
    7.118   11.167   11.517   11.978   12.013   12.036   12.042   12.123   12.152   13.484
   15.937   16.732   17.271
            0.000000  0.500000  1.000000
  -26.388  -22.449  -22.170  -22.169  -20.949  -19.135   -6.374   -6.274   -6.075    6.924
    7.117   11.173   11.490   11.961   11.977   11.996   12.032   12.117   12.129   13.474
   15.970   16.758   17.260
            0.000000  0.525000  0.975000
  -25.600  -22.449  -21.736  -20.876  -20.341  -18.901   -6.378   -6.271   -6.073    6.921
    7.115   11.178   11.517   11.970   11.992   12.023   12.064   12.138   12.159   13.494
   15.950   16.743   17.259
            0.000000  0.550000  0.950000
  -25.550  -22.450  -21.701  -20.857  -19.550  -16.449   -6.387   -6.264   -6.067    6.915
    7.109   11.177   11.536   12.024   12.037   12.056   12.072   12.150   12.169   13.529
   15.907   16.685   17.260
            0.000000  0.575000  0.925000
  -27.420  -24.266  -22.653  -22.450  -21.474  -17.600   -6.398   -6.258   -6.058    6.907
    7.096   11.163   11.498   11.932   11.968   12.004   12.038   12.049   12.142   13.547
   15.819   16.581   17.265
            0.000000  0.600000  0.900000
  -27.442  -24.522  -23.285  -22.915  -22.450  -18.642   -6.410   -6.253   -6.045    6.899
    7.080   11.168   11.520   11.911   11.939   11.959   11.989   12.035   12.138   13.615
   15.720   16.441   17.278
            0.000000  0.625000  0.875000
  -27.298  -24.839  -23.820  -23.571  -22.451  -19.842   -6.420   -6.250   -6.032    6.890
    7.062   11.169   11.550   11.877   11.928   11.955   11.986   12.003   12.113   13.696
   15.620   16.282   17.290
            0.000000  0.650000  0.850000
  -27.438  -25.204  -24.539  -23.120  -22.451  -19.949   -6.430   -6.249   -6.018    6.881
    7.044   11.176   11.575   11.851   11.920   11.945   11.964   12.017   12.118   13.789
   15.521   16.110   17.306
            0.000000  0.675000  0.825000
  -27.459  -25.434  -24.525  -23.706  -22.452  -19.959   -6.437   -6.249   -6.006    6.873
    7.028   11.189   11.596   11.811   11.926   11.943   11.960   12.009   12.131   13.883
   15.439   15.945   17.318
            0.000000  0.700000  0.800000
  -28.494  -25.628  -24.668  -23.928  -22.452  -19.966   -6.442   -6.249   -5.997    6.865
    7.016   11.197   11.624   11.742   11.932   11.934   11.955   12.002   12.138   13.968
   15.378   15.804   17.327
            0.000000  0.725000  0.775000
  -28.421  -25.812  -24.861  -24.366  -22.452  -20.821   -6.446   -6.249   -5.991    6.861
    7.008   11.205   11.671   11.698   11.892   11.919   11.929   12.017   12.139   14.027
   15.338   15.709   17.331
            0.000000  0.750000  0.750000
  -26.327  -24.507  -22.452  -22.418  -20.998  -20.084   -6.447   -6.249   -5.989    6.859
    7.006   11.233   11.739   11.773   11.989   11.991   12.012   12.057   12.178   14.063
   15.334   15.686   17.337
            0.000000  0.725000  0.725000
  -26.335  -23.192  -23.158  -22.453  -22.404  -20.884   -6.424   -6.274   -5.978    6.944
    7.015   11.179   11.740   11.779   11.908   11.996   12.028   12.076   12.106   13.902
   15.214   15.639   17.303
            0.000000  0.700000  0.700000
  -28.814  -25.522  -25.025  -24.060  -22.455  -22.398   -6.405   -6.294   -5.966    6.973
    7.073   11.116   11.644   11.662   11.811   11.984   11.995   11.997   12.036   13.726
   15.087   15.609   17.206
            0.000000  0.675000  0.675000
  -29.166  -25.441  -24.605  -24.449  -23.712  -22.456   -6.393   -6.301   -5.954    6.954
    7.170   11.056   11.624   11.665   11.822   11.912   11.974   12.003   12.016   13.594
   14.960   15.609   17.098
            0.000000  0.650000  0.650000
  -29.140  -25.476  -24.588  -24.431  -23.718  -22.459   -6.393   -6.292   -5.942    6.918
    7.276   10.991   11.637   11.663   11.811   11.921   11.958   12.000   12.027   13.469
   14.824   15.638   16.992
            0.000000  0.625000  0.625000
  -29.034  -25.336  -23.163  -22.739  -22.460  -22.133   -6.402   -6.270   -5.929    6.869
    7.385   10.925   11.665   11.666   11.833   11.931   12.022   12.028   12.115   13.367
   14.689   15.674   16.893
            0.000000  0.600000  0.600000
  -29.802  -25.359  -23.172  -22.999  -22.672  -22.463   -6.410   -6.243   -5.917    6.808
    7.496   10.858   11.662   11.683   11.825   11.871   12.000   12.024   12.118   13.272
   14.548   15.697   16.803
            0.000000  0.575000  0.575000
  -29.929  -25.536  -24.785  -24.508  -24.169  -22.468   -6.416   -6.213   -5.905    6.734
    7.608   10.800   11.658   11.711   11.792   11.834   11.903   12.010   12.028   13.194
   14.403   15.682   16.713
            0.000000  0.550000  0.550000
  -27.567  -25.799  -25.489  -24.814  -22.472  -20.368   -6.418   -6.181   -5.892    6.649
    7.723   10.761   11.680   11.768   11.838   11.871   11.923   12.038   12.042   13.131
   14.263   15.651   16.628
            0.000000  0.525000  0.525000
  -27.567  -25.811  -25.503  -24.813  -22.476  -20.388   -6.415   -6.150   -5.881    6.553
    7.836   10.725   11.675   11.766   11.841   11.862   11.929   12.038   12.058   13.086
   14.120   15.572   16.514
            0.000000  0.500000  0.500000
  -28.498  -27.373  -26.012  -24.957  -22.482  -22.154   -6.407   -6.118   -5.869    6.447
    7.948   10.700   11.645   11.740   11.806   11.847   11.911   11.978   12.039   13.053
   13.977   15.460   16.358
            0.000000  0.475000  0.475000
  -27.617  -27.335  -25.964  -23.699  -22.770  -22.486   -6.393   -6.087   -5.858    6.333
    8.062   10.700   11.668   11.749   11.791   11.833   11.918   12.043   12.062   13.042
   13.839   15.338   16.172
            0.000000  0.450000  0.450000
  -29.073  -28.021  -26.602  -25.839  -23.543  -22.492   -6.374   -6.056   -5.848    6.211
    8.171   10.710   11.633   11.689   11.752   11.830   11.917   11.938   12.033   13.031
   13.694   15.185   15.964
            0.000000  0.425000  0.425000
  -29.063  -28.025  -26.605  -25.840  -23.569  -22.498   -6.350   -6.027   -5.838    6.082
    8.281   10.739   11.632   11.692   11.738   11.840   11.921   11.937   12.064   13.045
   13.560   15.018   15.745
            0.000000  0.400000  0.400000
  -29.444  -27.542  -26.671  -25.884  -23.525  -22.504   -6.320   -5.998   -5.829    5.949
    8.392   10.788   11.615   11.682   11.720   11.859   11.919   11.944   12.112   13.071
   13.439   14.845   15.526
            0.000000  0.375000  0.375000
  -27.088  -26.422  -24.658  -24.467  -22.531  -22.509   -6.286   -5.971   -5.820    5.812
    8.508   10.876   11.648   11.724   11.789   11.893   11.935   12.030   12.223   13.126
   13.329   14.671   15.318
            0.000000  0.350000  0.350000
  -27.073  -26.431  -24.670  -24.480  -22.533  -22.515   -6.248   -5.945   -5.812    5.673
    8.620   10.948   11.654   11.710   11.784   11.905   11.939   12.043   12.254   13.132
   13.249   14.472   15.122
            0.000000  0.325000  0.325000
  -29.778  -28.415  -27.614  -25.824  -24.950  -22.524   -6.206   -5.921   -5.805    5.532
    8.733   11.009   11.548   11.650   11.730   11.770   11.886   11.991   12.208   13.030
   13.254   14.260   14.940
            0.000000  0.300000  0.300000
  -29.224  -28.095  -26.221  -23.381  -23.284  -22.530   -6.162   -5.898   -5.799    5.393
    8.853   11.102   11.585   11.734   11.751   11.804   11.930   12.049   12.265   12.942
   13.331   14.061   14.787
            0.000000  0.275000  0.275000
  -29.212  -28.097  -26.235  -23.400  -23.309  -22.536   -6.116   -5.877   -5.793    5.257
    8.972   11.179   11.596   11.721   11.739   11.813   11.947   12.056   12.303   12.833
   13.404   13.861   14.641
            0.000000  0.250000  0.250000
  -28.421  -26.532  -26.235  -22.933  -22.907  -22.542   -6.069   -5.857   -5.788    5.124
    9.096   11.259   11.654   11.735   11.786   11.828   11.975   12.070   12.340   12.748
   13.487   13.673   14.513
            0.000000  0.225000  0.225000
  -29.792  -27.816  -27.805  -25.150  -23.005  -22.548   -6.022   -5.840   -5.783    4.998
    9.217   11.300   11.658   11.689   11.731   11.751   11.986   12.013   12.354   12.647
   13.489   13.554   14.407
            0.000000  0.200000  0.200000
  -29.788  -27.862  -27.815  -25.176  -23.021  -22.554   -5.977   -5.824   -5.779    4.879
    9.343   11.358   11.667   11.680   11.735   11.741   11.998   12.021   12.367   12.552
   13.330   13.644   14.314
            0.000000  0.175000  0.175000
  -29.775  -27.332  -27.245  -24.742  -23.030  -22.559   -5.933   -5.811   -5.776    4.770
    9.469   11.433   11.669   11.677   11.745   11.756   12.032   12.045   12.361   12.461
   13.196   13.736   14.242
            0.000000  0.150000  0.150000
  -29.709  -26.868  -26.390  -23.593  -22.563  -22.358   -5.893   -5.799   -5.773    4.671
    9.596   11.497   11.675   11.696   11.771   11.786   12.059   12.107   12.336   12.383
   13.089   13.825   14.191
            0.000000  0.125000  0.125000
  -29.676  -26.873  -26.404  -23.594  -22.567  -22.358   -5.856   -5.789   -5.771    4.585
    9.714   11.537   11.672   11.690   11.798   11.808   12.066   12.114   12.292   12.305
   12.987   13.909   14.159
            0.000000  0.100000  0.100000
  -26.512  -26.103  -24.113  -22.571  -22.155  -20.233   -5.825   -5.781   -5.769    4.512
    9.840   11.657   11.705   11.759   11.884   11.906   12.091   12.128   12.256   12.299
   12.951   13.986   14.142
            0.000000  0.075000  0.075000
  -22.819  -22.770  -22.573  -21.522  -20.565  -19.861   -5.800   -5.774   -5.768    4.455
    9.970   11.771   11.776   11.825   11.968   11.986   12.095   12.158   12.263   12.264
   12.968   14.050   14.140
            0.000000  0.050000  0.050000
  -22.575  -22.300  -21.837  -20.426  -20.133  -19.513   -5.781   -5.770   -5.767    4.413
   10.054   11.798   11.810   11.826   12.019   12.022   12.083   12.178   12.206   12.246
   12.943   14.099   14.138
            0.000000  0.025000  0.025000
  -22.577  -21.254  -21.254  -19.468  -19.468  -19.467   -5.770   -5.767   -5.766    4.387
   10.109   11.829   11.829   11.830   12.057   12.058   12.075   12.188   12.208   12.209
   12.936   14.129   14.139
            0.000000  0.000000  0.000000
  -22.577  -21.258  -21.258  -19.471  -19.471  -19.471   -5.766   -5.766   -5.766    4.379
   10.126   11.828   11.828   11.828   12.071   12.071   12.071   12.188   12.188   12.188
   12.927   14.139   14.139
